262.9452631    0.4862134389   0.4862134389
262.9452631    0.4862131758   0.4862131758
262.9452631    0.4862129115   0.4862129115
262.9452631    0.4862126461   0.4862126461
262.9452631    0.4862123797   0.4862123797
262.9452631    0.4862121121   0.4862121121
262.9452631    0.4862118435   0.4862118435
262.9452631    0.4862115737   0.4862115737
262.9452631    0.4862113029   0.4862113029
262.9452631    0.4862110309   0.4862110309
262.9452631    0.4862107577   0.4862107577
262.9452631    0.4862104835   0.4862104835
262.9452631    0.4862102081   0.4862102081
262.9452631    0.4862099316   0.4862099316
262.9452631    0.4862096539   0.4862096539
262.9452631    0.4862093751   0.4862093751
262.9452631    0.4862090951   0.4862090951
262.9452631    0.486208814   0.486208814
262.9452631    0.4862085316   0.4862085316
262.9452631    0.4862082482   0.4862082482
262.9452631    0.4862079635   0.4862079635
262.9452631    0.4862076777   0.4862076777
262.9452631    0.4862073906   0.4862073906
262.9452631    0.4862071024   0.4862071024
262.9452631    0.486206813   0.486206813
262.9452631    0.4862065224   0.4862065224
262.9452631    0.4862062306   0.4862062306
262.9452631    0.4862059375   0.4862059375
262.9452631    0.4862056432   0.4862056432
262.9452631    0.4862053477   0.4862053477
262.9452631    0.486205051   0.486205051
262.9452631    0.4862047531   0.4862047531
262.9452631    0.4862044539   0.4862044539
262.9452631    0.4862041534   0.4862041534
262.9452631    0.4862038517   0.4862038517
262.9452631    0.4862035487   0.4862035487
262.9452631    0.4862032445   0.4862032445
262.9452631    0.486202939   0.486202939
262.9452631    0.4862026322   0.4862026322
262.9452631    0.4862023242   0.4862023242
262.9452631    0.4862020148   0.4862020148
262.9452631    0.4862017042   0.4862017042
262.9452631    0.4862013922   0.4862013922
262.9452631    0.486201079   0.486201079
262.9452631    0.4862007644   0.4862007644
262.9452631    0.4862004485   0.4862004485
262.9452631    0.4862001313   0.4862001313
262.9452631    0.4861998128   0.4861998128
262.9452631    0.4861994929   0.4861994929
262.9452631    0.4861991717   0.4861991717
262.9452631    0.4861988492   0.4861988492
262.9452631    0.4861985252   0.4861985252
262.9452631    0.4861982   0.4861982
262.9452631    0.4861978733   0.4861978733
262.9452631    0.4861975453   0.4861975453
262.9452631    0.4861972159   0.4861972159
262.9452631    0.4861968852   0.4861968852
262.9452631    0.486196553   0.486196553
262.9452631    0.4861962195   0.4861962195
262.9452631    0.4861958845   0.4861958845
262.9452631    0.4861955481   0.4861955481
262.9452631    0.4861952104   0.4861952104
262.9452631    0.4861948711   0.4861948711
262.9452631    0.4861945305   0.4861945305
262.9452631    0.4861941884   0.4861941884
262.9452631    0.4861938449   0.4861938449
262.9452631    0.4861935   0.4861935
262.9452631    0.4861931536   0.4861931536
262.9452631    0.4861928057   0.4861928057
262.9452631    0.4861924564   0.4861924564
262.9452631    0.4861921056   0.4861921056
262.9452631    0.4861917533   0.4861917533
262.9452631    0.4861913995   0.4861913995
262.9452631    0.4861910442   0.4861910442
262.9452631    0.4861906875   0.4861906875
262.9452631    0.4861903292   0.4861903292
262.9452631    0.4861899694   0.4861899694
262.9452631    0.4861896081   0.4861896081
262.9452631    0.4861892452   0.4861892452
262.9452631    0.4861888809   0.4861888809
262.9452631    0.486188515   0.486188515
262.9452631    0.4861881475   0.4861881475
262.9452631    0.4861877785   0.4861877785
262.9452631    0.4861874079   0.4861874079
262.9452631    0.4861870358   0.4861870358
262.9452631    0.4861866621   0.4861866621
262.9452631    0.4861862868   0.4861862868
262.9452631    0.4861859099   0.4861859099
262.9452631    0.4861855314   0.4861855314
262.9452631    0.4861851513   0.4861851513
262.9452631    0.4861847696   0.4861847696
262.9452631    0.4861843863   0.4861843863
262.9452631    0.4861840014   0.4861840014
262.9452631    0.4861836148   0.4861836148
262.9452631    0.4861832266   0.4861832266
262.9452631    0.4861828367   0.4861828367
262.9452631    0.4861824452   0.4861824452
262.9452631    0.486182052   0.486182052
262.9452631    0.4861816572   0.4861816572
262.9452631    0.4861812607   0.4861812607
