  3.283680000000000e-28
  2.141560000000000e-20
  2.203640000000000e-20
  2.141560000000000e-20
  2.141560000000000e-20
  2.203640000000000e-20
  2.141560000000000e-20
  2.077610000000000e-20
  2.203640000000000e-20
  2.141560000000000e-20
  3.283680000000000e-28
  2.141560000000000e-20
  2.141560000000000e-20
  2.077610000000000e-20
  2.141560000000000e-20
  2.203640000000000e-20
  2.141560000000000e-20
  2.203640000000000e-20
  2.141560000000000e-20
  2.077610000000000e-20
  2.203640000000000e-20
  1.558210000000000e-20
  2.077610000000000e-20
  1.558210000000000e-20
  2.141560000000000e-20
  2.077610000000000e-20
  2.141560000000000e-20
  2.203640000000000e-20
  2.077610000000000e-20
  1.558210000000000e-20
  2.203640000000000e-20
  1.558210000000000e-20
  2.203640000000000e-20
  2.141560000000000e-20
  3.283680000000000e-28
  2.141560000000000e-20
  2.141560000000000e-20
  2.077610000000000e-20
  2.141560000000000e-20
  2.203640000000000e-20
  3.283680000000000e-28
  2.141560000000000e-20
  2.203640000000000e-20
  2.141560000000000e-20
  2.141560000000000e-20
  2.203640000000000e-20
  2.141560000000000e-20
  2.077610000000000e-20
  2.141560000000000e-20
  2.077610000000000e-20
  2.141560000000000e-20
  2.203640000000000e-20
  2.077610000000000e-20
  1.558210000000000e-20
  2.203640000000000e-20
  1.558210000000000e-20
  2.141560000000000e-20
  2.203640000000000e-20
  2.141560000000000e-20
  2.077610000000000e-20
  2.203640000000000e-20
  1.558210000000000e-20
  2.077610000000000e-20
  1.558210000000000e-20
