  0.000000000000000e+00
  2.444181383182353e-21
  3.946989104132488e-21
  2.444181383182353e-21
  2.444181536244570e-21
  2.975096936773034e-21
  3.944333808605436e-21
  3.938450275852329e-21
  3.946767639005720e-21
  3.944325515416175e-21
  3.559074546922790e-21
  3.944325515416175e-21
  2.444181536244570e-21
  3.938450275852329e-21
  3.944333808605436e-21
  2.975096936773034e-21
  2.444181383182353e-21
  2.974820458699759e-21
  3.945531337581159e-21
  3.939310019041730e-21
  2.975096936773034e-21
  1.552669945582808e-21
  2.689347246205193e-21
  3.664364914237340e-21
  3.944325515416175e-21
  2.689708008551984e-21
  3.299406620520600e-21
  3.940097640109175e-21
  3.938450275852329e-21
  3.664146084961234e-21
  3.939299164213791e-21
  3.664364914237340e-21
  3.946989104132488e-21
  3.945531339568979e-21
  3.559416947104286e-21
  3.945531339568979e-21
  3.944333810593257e-21
  2.689347246205193e-21
  3.299068071411011e-21
  3.941077053436535e-21
  3.559074546922790e-21
  3.299406620520600e-21
  2.953140450508490e-21
  3.299406620520600e-21
  3.944333810593257e-21
  3.941077053436535e-21
  3.299068071411011e-21
  2.689347246205193e-21
  2.444181383182353e-21
  3.939310019041730e-21
  3.945531337581159e-21
  2.974820458699759e-21
  3.938450275852329e-21
  3.664364914237340e-21
  3.939299164213791e-21
  3.664146084961234e-21
  3.944325515416175e-21
  3.940097640109175e-21
  3.299406620520600e-21
  2.689708008551984e-21
  2.975096936773034e-21
  3.664364914237340e-21
  2.689347246205193e-21
  1.552669945582808e-21
  0.000000000000000e+00
  2.670383717346511e-21
  3.953733491929550e-21
  2.670383717346511e-21
  2.670384324294527e-21
  3.016895715219712e-21
  4.310838020784104e-21
  4.372247069631360e-21
  3.953956023190988e-21
  4.310848743090641e-21
  3.604346174572763e-21
  4.310848743090641e-21
  2.670384324294527e-21
  4.372247069631360e-21
  4.310838020784104e-21
  3.016895715219712e-21
  2.670383545731297e-21
  3.013868087564973e-21
  4.310525510141951e-21
  4.372249381467197e-21
  3.016895719195354e-21
  1.552669946245415e-21
  2.790267519558441e-21
  4.065532058786765e-21
  4.310848920006712e-21
  2.793096630817389e-21
  3.302492371399123e-21
  3.979666922903463e-21
  4.372247069631360e-21
  4.065022543155397e-21
  3.979730906223590e-21
  4.065532091254508e-21
  3.953733491929550e-21
  4.310526624646931e-21
  3.605138462381337e-21
  4.310526624646931e-21
  4.310839293652158e-21
  2.790267519558441e-21
  3.304950903125908e-21
  3.979416662201515e-21
  3.604346975002024e-21
  3.302492395252975e-21
  2.953140451171097e-21
  3.302492395252975e-21
  4.310839293652158e-21
  3.979416662201515e-21
  3.304950903125908e-21
  2.790267519558441e-21
  2.670383545731297e-21
  4.372249381467197e-21
  4.310525510141951e-21
  3.013868087564973e-21
  4.372247069631360e-21
  4.065532091254508e-21
  3.979730906223590e-21
  4.065022543155397e-21
  4.310848920006712e-21
  3.979666922903463e-21
  3.302492371399123e-21
  2.793096630817389e-21
  3.016895719195354e-21
  4.065532058786765e-21
  2.790267519558441e-21
  1.552669946245415e-21
  0.000000000000000e+00
  4.362892648991690e-21
  4.616676189865558e-21
  4.362892648991690e-21
  4.362891714715814e-21
  3.923151616393665e-21
  4.405514387987764e-21
  4.710789663805430e-21
  4.616770384752033e-21
  4.405512520761227e-21
  4.256055562123345e-21
  4.405512520761227e-21
  4.362891714715814e-21
  4.710789663805430e-21
  4.405514387987764e-21
  3.923151616393665e-21
  4.362892648991690e-21
  3.923288300291664e-21
  4.405458161807833e-21
  4.710048202592312e-21
  3.923151616393665e-21
  2.506042720281863e-21
  3.993461031118066e-21
  4.296329270374870e-21
  4.405512500883016e-21
  3.994492178149870e-21
  3.636852796897330e-21
  4.574334593159491e-21
  4.710789567727414e-21
  4.296391734337137e-21
  4.574514952798159e-21
  4.296329270374870e-21
  4.616675916208865e-21
  4.405458107474058e-21
  4.256055607843228e-21
  4.405458107474058e-21
  4.405514313775779e-21
  3.993463383372931e-21
  3.637330225121922e-21
  4.574431896998028e-21
  4.256055555497275e-21
  3.636853580761415e-21
  2.958181993301653e-21
  3.636853580761415e-21
  4.405514313775779e-21
  4.574431896998028e-21
  3.637330225121922e-21
  3.993463383372931e-21
  4.362892648991690e-21
  4.710048202592312e-21
  4.405458161807833e-21
  3.923288300291664e-21
  4.710789567727414e-21
  4.296329270374870e-21
  4.574514952798159e-21
  4.296391734337137e-21
  4.405512500883016e-21
  4.574334593159491e-21
  3.636852796897330e-21
  3.994492178149870e-21
  3.923151616393665e-21
  4.296329270374870e-21
  3.993461031118066e-21
  2.506042720281863e-21
  4.502293911566362e-21
  4.552113508040039e-21
  4.625042994765767e-21
  4.552113508040039e-21
  4.552311640786376e-21
  4.558898962893996e-21
  4.745399021749486e-21
  4.757644904967181e-21
  4.624947438884506e-21
  4.745404857991977e-21
  4.469971831255872e-21
  4.745404857991977e-21
  4.552311640786376e-21
  4.757644904967181e-21
  4.745399021749486e-21
  4.558898962893996e-21
  4.552112644000506e-21
  4.560285375284885e-21
  4.745717159912923e-21
  4.758337930933521e-21
  4.558898956267926e-21
  4.053629184686404e-21
  4.419388474192964e-21
  4.449536613147492e-21
  4.745404842089410e-21
  4.419387911639617e-21
  3.880694099242677e-21
  4.583013488609012e-21
  4.757644824129126e-21
  4.449523601533755e-21
  4.582917149526272e-21
  4.449536333527337e-21
  4.625042724422109e-21
  4.745717355381989e-21
  4.469971840532370e-21
  4.745717355381989e-21
  4.745399191376879e-21
  4.419388474192964e-21
  3.880829675261765e-21
  4.582831060311277e-21
  4.469971831255872e-21
  3.880694099242677e-21
  2.958181993301653e-21
  3.880694099242677e-21
  4.745399191376879e-21
  4.582831060311277e-21
  3.880829675261765e-21
  4.419388474192964e-21
  4.552112644000506e-21
  4.758337930933521e-21
  4.745717159912923e-21
  4.560285375284885e-21
  4.757644824129126e-21
  4.449536333527337e-21
  4.582917149526272e-21
  4.449523601533755e-21
  4.745404842089410e-21
  4.583013488609012e-21
  3.880694099242677e-21
  4.419387911639617e-21
  4.558898956267926e-21
  4.449536613147492e-21
  4.419388474192964e-21
  4.053629184686404e-21
  4.502293911566362e-21
  4.611081022355378e-21
  5.906426377709923e-21
  4.611081022355378e-21
  4.610880950820948e-21
  4.615478466745984e-21
  5.366988737267645e-21
  5.003649564846812e-21
  5.905070783833396e-21
  5.366986952204375e-21
  5.575829257845642e-21
  5.366986952204375e-21
  4.610880950820948e-21
  5.003649564846812e-21
  5.366988737267645e-21
  4.615478466745984e-21
  4.611080580396506e-21
  4.615744429246105e-21
  5.366793755217612e-21
  5.003720315372273e-21
  4.615478014848007e-21
  4.053629184686404e-21
  5.289352829192312e-21
  5.629878913579003e-21
  5.366987010513792e-21
  5.289194098371468e-21
  5.367398119728568e-21
  5.800727581425927e-21
  5.003649556895529e-21
  5.629354811317049e-21
  5.800857030318050e-21
  5.629878950684995e-21
  5.906425295672684e-21
  5.366793937434538e-21
  5.576130569104212e-21
  5.366793937434538e-21
  5.366988979781808e-21
  5.289352286517175e-21
  5.366890287118989e-21
  5.800561824983021e-21
  5.575829109421672e-21
  5.367398123041604e-21
  4.644420022862688e-21
  5.367398123041604e-21
  5.366988979781808e-21
  5.800561824983021e-21
  5.366890287118989e-21
  5.289352286517175e-21
  4.611080580396506e-21
  5.003720315372273e-21
  5.366793755217612e-21
  4.615744429246105e-21
  5.003649556895529e-21
  5.629878950684995e-21
  5.800857030318050e-21
  5.629354811317049e-21
  5.366987010513792e-21
  5.800727581425927e-21
  5.367398119728568e-21
  5.289194098371468e-21
  4.615478014848007e-21
  5.629878913579003e-21
  5.289352829192312e-21
  4.053629184686404e-21
  6.908524070428699e-21
  5.996308928350576e-21
  5.915490445948260e-21
  5.996308928350576e-21
  5.996308593071432e-21
  5.753187559116788e-21
  6.014320707724316e-21
  6.069952227024358e-21
  5.916861051186462e-21
  6.014313648309295e-21
  7.142475246298569e-21
  6.014313648309295e-21
  5.996308593071432e-21
  6.069952227024358e-21
  6.014320707724316e-21
  5.753187559116788e-21
  5.996308905159332e-21
  5.752542191821818e-21
  6.014469851284418e-21
  6.069796341437990e-21
  5.753187339793870e-21
  6.298673803619436e-21
  5.942821144803609e-21
  6.692728237016487e-21
  6.014313609215482e-21
  5.942624009280815e-21
  5.711655194405600e-21
  5.834364922062004e-21
  6.069952246239961e-21
  6.693719012066143e-21
  5.834231482287895e-21
  6.692726782594112e-21
  5.915489353309311e-21
  6.014469490826208e-21
  7.142475293343666e-21
  6.014469490826208e-21
  6.014320305521865e-21
  5.942821147454038e-21
  5.711675641132530e-21
  5.834543846493900e-21
  7.142475248948996e-21
  5.711655208982955e-21
  4.656933160001555e-21
  5.711655208982955e-21
  6.014320305521865e-21
  5.834543846493900e-21
  5.711675641132530e-21
  5.942821147454038e-21
  5.996308905159332e-21
  6.069796341437990e-21
  6.014469851284418e-21
  5.752542191821818e-21
  6.069952246239961e-21
  6.692726782594112e-21
  5.834231482287895e-21
  6.693719012066143e-21
  6.014313609215482e-21
  5.834364922062004e-21
  5.711655194405600e-21
  5.942624009280815e-21
  5.753187339793870e-21
  6.692728237016487e-21
  5.942821144803609e-21
  6.298673803619436e-21
  7.624595437468501e-21
  8.204587863390795e-21
  8.458134799893067e-21
  8.204587863390795e-21
  8.204587551302895e-21
  8.014607655390646e-21
  8.058592940209902e-21
  7.780474691964018e-21
  8.456910347869558e-21
  8.058601344054533e-21
  7.176342172972852e-21
  8.058601344054533e-21
  8.204587551302895e-21
  7.780474691964018e-21
  8.058592940209902e-21
  8.014607655390646e-21
  8.204590277930716e-21
  8.014006355437083e-21
  8.067699248982138e-21
  7.786753669239718e-21
  8.014607655390646e-21
  7.767676888254519e-21
  7.855305571894570e-21
  7.825761211706404e-21
  8.058601236712198e-21
  7.854591614172974e-21
  7.765860136468383e-21
  8.358150145519857e-21
  7.780474691964018e-21
  7.826742048976215e-21
  8.353095229329532e-21
  7.825761211706404e-21
  8.458134799893067e-21
  8.067699113810310e-21
  7.159427966983068e-21
  8.067699113810310e-21
  8.058592715586127e-21
  7.855305571894570e-21
  7.766814841180565e-21
  8.363870930065854e-21
  7.176342114663436e-21
  7.765860136468383e-21
  7.986839022338571e-21
  7.765860136468383e-21
  8.058592715586127e-21
  8.363870930065854e-21
  7.766814841180565e-21
  7.855305571894570e-21
  8.204590277930716e-21
  7.786753669239718e-21
  8.067699248982138e-21
  8.014006355437083e-21
  7.780474691964018e-21
  7.825761211706404e-21
  8.353095229329532e-21
  7.826742048976215e-21
  8.058601236712198e-21
  8.358150145519857e-21
  7.765860136468383e-21
  7.854591614172974e-21
  8.014607655390646e-21
  7.825761211706404e-21
  7.855305571894570e-21
  7.767676888254519e-21
  7.624595437468501e-21
  8.239880321448270e-21
  8.458140322059840e-21
  8.239880321448270e-21
  8.239891754069516e-21
  8.232933986276349e-21
  8.963069273777571e-21
  9.275983291858554e-21
  8.459363915344671e-21
  8.962667164091124e-21
  7.520845408139693e-21
  8.962667164091124e-21
  8.239891754069516e-21
  9.275983291858554e-21
  8.963069273777571e-21
  8.232933986276349e-21
  8.239880321448270e-21
  8.226833586889081e-21
  8.962797024462194e-21
  9.278181258019266e-21
  8.232933778217749e-21
  7.767676888254519e-21
  8.619569348197083e-21
  7.892694798795465e-21
  8.962667148851162e-21
  8.620107676631412e-21
  8.733517819015975e-21
  8.439308614226354e-21
  9.275983291858554e-21
  7.902480518947929e-21
  8.440067546398345e-21
  7.892694910113441e-21
  8.458140322059840e-21
  8.962797410762078e-21
  7.519352086759135e-21
  8.962797410762078e-21
  8.963069589178504e-21
  8.619569348197083e-21
  8.732736456271683e-21
  8.437848211824361e-21
  7.520845408139693e-21
  8.733517819015975e-21
  7.986839022338571e-21
  8.733517819015975e-21
  8.963069589178504e-21
  8.437848211824361e-21
  8.732736456271683e-21
  8.619569348197083e-21
  8.239880321448270e-21
  9.278181258019266e-21
  8.962797024462194e-21
  8.226833586889081e-21
  9.275983291858554e-21
  7.892694910113441e-21
  8.440067546398345e-21
  7.902480518947929e-21
  8.962667148851162e-21
  8.439308614226354e-21
  8.733517819015975e-21
  8.620107676631412e-21
  8.232933778217749e-21
  7.892694798795465e-21
  8.619569348197083e-21
  7.767676888254519e-21
  7.924937335785552e-21
  8.341430712858897e-21
  8.912265485917426e-21
  8.341430712858897e-21
  8.341419863331814e-21
  8.588951980117028e-21
  8.973577393264862e-21
  9.527310695667350e-21
  8.910208757752652e-21
  8.973978849620802e-21
  9.140946443377946e-21
  8.973978849620802e-21
  8.341419863331814e-21
  9.527310695667350e-21
  8.973577393264862e-21
  8.588951980117028e-21
  8.341430712858897e-21
  8.589546359803041e-21
  8.974991205117974e-21
  9.526310954882321e-21
  8.588951980117028e-21
  7.997827389443257e-21
  9.146397800651800e-21
  9.003664893076812e-21
  8.973978943048392e-21
  9.149040523873556e-21
  8.779386586772737e-21
  9.013695078770368e-21
  9.527310694342135e-21
  9.002871536483141e-21
  9.015170249357267e-21
  9.003664893076812e-21
  8.912264291899605e-21
  8.974990924835209e-21
  9.143855557806557e-21
  8.974990924835209e-21
  8.973577237552216e-21
  9.146397688008608e-21
  8.784425818392671e-21
  9.012300627631307e-21
  9.140947508850010e-21
  8.779386357510715e-21
  7.990259096219212e-21
  8.779386357510715e-21
  8.973577237552216e-21
  9.012300627631307e-21
  8.784425818392671e-21
  9.146397688008608e-21
  8.341430712858897e-21
  9.526310954882321e-21
  8.974991205117974e-21
  8.589546359803041e-21
  9.527310694342135e-21
  9.003664893076812e-21
  9.015170249357267e-21
  9.002871536483141e-21
  8.973978943048392e-21
  9.013695078770368e-21
  8.779386586772737e-21
  9.149040523873556e-21
  8.588951980117028e-21
  9.003664893076812e-21
  9.146397800651800e-21
  7.997827389443257e-21
  7.924937335785552e-21
  9.304429427982687e-21
  8.922661544645595e-21
  9.304429427982687e-21
  9.304436366803232e-21
  9.044695685489398e-21
  9.530515893385270e-21
  9.851031873077388e-21
  8.924705157829940e-21
  9.530510924495346e-21
  9.213434863101032e-21
  9.530510924495346e-21
  9.304436366803232e-21
  9.851031873077388e-21
  9.530515893385270e-21
  9.044695685489398e-21
  9.304429744708834e-21
  9.040071278321709e-21
  9.527111301317277e-21
  9.855675001543364e-21
  9.044695876982820e-21
  7.997827389443257e-21
  9.298540751411407e-21
  9.251172808141207e-21
  9.530510961601338e-21
  9.301541520953847e-21
  9.080312174274395e-21
  9.022633936813589e-21
  9.851031335040499e-21
  9.244053155517857e-21
  9.021811700493648e-21
  9.251172806153385e-21
  8.922660243285439e-21
  9.527111388118795e-21
  9.214521386187982e-21
  9.527111388118795e-21
  9.530515982174609e-21
  9.298543515145221e-21
  9.084959272418935e-21
  9.023394980714104e-21
  9.213434863101032e-21
  9.080312281616731e-21
  7.990259096219212e-21
  9.080312281616731e-21
  9.530515982174609e-21
  9.023394980714104e-21
  9.084959272418935e-21
  9.298543515145221e-21
  9.304429744708834e-21
  9.855675001543364e-21
  9.527111301317277e-21
  9.040071278321709e-21
  9.851031335040499e-21
  9.251172806153385e-21
  9.021811700493648e-21
  9.244053155517857e-21
  9.530510961601338e-21
  9.022633936813589e-21
  9.080312174274395e-21
  9.301541520953847e-21
  9.044695876982820e-21
  9.251172808141207e-21
  9.298540751411407e-21
  7.997827389443257e-21
  1.167343942942205e-20
  1.095384844240097e-20
  1.117955366096124e-20
  1.095384844240097e-20
  1.095384713507736e-20
  1.094573280729952e-20
  1.049850899554957e-20
  9.930796079487818e-21
  1.117971919543080e-20
  1.049850598068770e-20
  1.066224908691182e-20
  1.049850598068770e-20
  1.095384713507736e-20
  9.930796079487818e-21
  1.049850899554957e-20
  1.094573280729952e-20
  1.095384850866168e-20
  1.095135301539099e-20
  1.049884295610565e-20
  9.924788425202900e-21
  1.094573295307307e-20
  1.181232202510003e-20
  1.057163312308272e-20
  1.067479175048140e-20
  1.049850538367879e-20
  1.057036035773212e-20
  1.083571396972470e-20
  1.099813250400701e-20
  9.930796076174783e-21
  1.067911527708506e-20
  1.099824116559220e-20
  1.067479168289548e-20
  1.117955101715929e-20
  1.049884353654939e-20
  1.066256009674911e-20
  1.049884353654939e-20
  1.049850891139848e-20
  1.057163128766132e-20
  1.082928358939901e-20
  1.099845709198703e-20
  1.066224799493548e-20
  1.083571384250416e-20
  1.227222372525693e-20
  1.083571384250416e-20
  1.049850891139848e-20
  1.099845709198703e-20
  1.082928358939901e-20
  1.057163128766132e-20
  1.095384850866168e-20
  9.924788425202900e-21
  1.049884295610565e-20
  1.095135301539099e-20
  9.930796076174783e-21
  1.067479168289548e-20
  1.099824116559220e-20
  1.067911527708506e-20
  1.049850538367879e-20
  1.099813250400701e-20
  1.083571396972470e-20
  1.057036035773212e-20
  1.094573295307307e-20
  1.067479175048140e-20
  1.057163312308272e-20
  1.181232202510003e-20
  1.175464825096000e-20
  1.150079850636993e-20
  1.118721476952398e-20
  1.150079850636993e-20
  1.150078107119184e-20
  1.173712195446159e-20
  1.121811660804299e-20
  1.119943650535462e-20
  1.118705794502348e-20
  1.121812021328770e-20
  1.223514501190068e-20
  1.121812021328770e-20
  1.150078107119184e-20
  1.119943650535462e-20
  1.121811660804299e-20
  1.173712195446159e-20
  1.150081134438064e-20
  1.174017022431233e-20
  1.121283624114477e-20
  1.119510136126236e-20
  1.173712215721934e-20
  1.221855302175783e-20
  1.096256497724136e-20
  1.191900960728745e-20
  1.121812093420412e-20
  1.095812664668557e-20
  1.125641181219960e-20
  1.104914050734579e-20
  1.119943333875575e-20
  1.191404722350263e-20
  1.105197228824835e-20
  1.191900864054383e-20
  1.118721225758082e-20
  1.121283452433002e-20
  1.224223646860819e-20
  1.121283452433002e-20
  1.121811572412524e-20
  1.096256498784307e-20
  1.125426999601901e-20
  1.104587999652039e-20
  1.223514503840496e-20
  1.125640950831504e-20
  1.227501729626401e-20
  1.125640950831504e-20
  1.121811572412524e-20
  1.104587999652039e-20
  1.125426999601901e-20
  1.096256498784307e-20
  1.150081134438064e-20
  1.119510136126236e-20
  1.121283624114477e-20
  1.174017022431233e-20
  1.119943333875575e-20
  1.191900864054383e-20
  1.105197228824835e-20
  1.191404722350263e-20
  1.121812093420412e-20
  1.104914050734579e-20
  1.125641181219960e-20
  1.095812664668557e-20
  1.173712215721934e-20
  1.191900960728745e-20
  1.096256497724136e-20
  1.221855302175783e-20
