1.288374277e-18    9.299945087e-21   9.299945087e-21
1.288374277e-18    9.299940706e-21   9.299940706e-21
1.288374277e-18    9.299936307e-21   9.299936307e-21
1.288374277e-18    9.299931889e-21   9.299931889e-21
1.288374277e-18    9.299927454e-21   9.299927454e-21
1.288374277e-18    9.299923001e-21   9.299923001e-21
1.288374277e-18    9.299918529e-21   9.299918529e-21
1.288374277e-18    9.299914039e-21   9.299914039e-21
1.288374277e-18    9.299909531e-21   9.299909531e-21
1.288374277e-18    9.299905004e-21   9.299905004e-21
1.288374277e-18    9.299900459e-21   9.299900459e-21
1.288374277e-18    9.299895895e-21   9.299895895e-21
1.288374277e-18    9.299891313e-21   9.299891313e-21
1.288374277e-18    9.299886712e-21   9.299886712e-21
1.288374277e-18    9.299882092e-21   9.299882092e-21
1.288374277e-18    9.299877453e-21   9.299877453e-21
1.288374277e-18    9.299872795e-21   9.299872795e-21
1.288374277e-18    9.299868118e-21   9.299868118e-21
1.288374277e-18    9.299863421e-21   9.299863421e-21
1.288374277e-18    9.299858706e-21   9.299858706e-21
1.288374277e-18    9.299853971e-21   9.299853971e-21
1.288374277e-18    9.299849216e-21   9.299849216e-21
1.288374277e-18    9.299844442e-21   9.299844442e-21
1.288374277e-18    9.299839648e-21   9.299839648e-21
1.288374277e-18    9.299834835e-21   9.299834835e-21
1.288374277e-18    9.299830001e-21   9.299830001e-21
1.288374277e-18    9.299825148e-21   9.299825148e-21
1.288374277e-18    9.299820275e-21   9.299820275e-21
1.288374277e-18    9.299815381e-21   9.299815381e-21
1.288374277e-18    9.299810468e-21   9.299810468e-21
1.288374277e-18    9.299805534e-21   9.299805534e-21
1.288374277e-18    9.29980058e-21   9.29980058e-21
1.288374277e-18    9.299795605e-21   9.299795605e-21
1.288374277e-18    9.29979061e-21   9.29979061e-21
1.288374277e-18    9.299785594e-21   9.299785594e-21
1.288374277e-18    9.299780557e-21   9.299780557e-21
1.288374277e-18    9.299775499e-21   9.299775499e-21
1.288374277e-18    9.299770421e-21   9.299770421e-21
1.288374277e-18    9.299765321e-21   9.299765321e-21
1.288374277e-18    9.2997602e-21   9.2997602e-21
1.288374277e-18    9.299755058e-21   9.299755058e-21
1.288374277e-18    9.299749895e-21   9.299749895e-21
1.288374277e-18    9.29974471e-21   9.29974471e-21
1.288374277e-18    9.299739504e-21   9.299739504e-21
1.288374277e-18    9.299734276e-21   9.299734276e-21
1.288374277e-18    9.299729026e-21   9.299729026e-21
1.288374277e-18    9.299723754e-21   9.299723754e-21
1.288374277e-18    9.299718461e-21   9.299718461e-21
1.288374277e-18    9.299713145e-21   9.299713145e-21
1.288374277e-18    9.299707808e-21   9.299707808e-21
1.288374277e-18    9.299702448e-21   9.299702448e-21
1.288374277e-18    9.299697066e-21   9.299697066e-21
1.288374277e-18    9.299691661e-21   9.299691661e-21
1.288374277e-18    9.299686234e-21   9.299686234e-21
1.288374277e-18    9.299680784e-21   9.299680784e-21
1.288374277e-18    9.299675312e-21   9.299675312e-21
1.288374277e-18    9.299669816e-21   9.299669816e-21
1.288374277e-18    9.299664298e-21   9.299664298e-21
1.288374277e-18    9.299658756e-21   9.299658756e-21
1.288374277e-18    9.299653192e-21   9.299653192e-21
1.288374277e-18    9.299647604e-21   9.299647604e-21
1.288374277e-18    9.299641993e-21   9.299641993e-21
1.288374277e-18    9.299636358e-21   9.299636358e-21
1.288374277e-18    9.2996307e-21   9.2996307e-21
1.288374277e-18    9.299625018e-21   9.299625018e-21
1.288374277e-18    9.299619313e-21   9.299619313e-21
1.288374277e-18    9.299613583e-21   9.299613583e-21
1.288374277e-18    9.299607829e-21   9.299607829e-21
1.288374277e-18    9.299602052e-21   9.299602052e-21
1.288374277e-18    9.29959625e-21   9.29959625e-21
1.288374277e-18    9.299590424e-21   9.299590424e-21
1.288374277e-18    9.299584573e-21   9.299584573e-21
1.288374277e-18    9.299578698e-21   9.299578698e-21
1.288374277e-18    9.299572798e-21   9.299572798e-21
1.288374277e-18    9.299566873e-21   9.299566873e-21
1.288374277e-18    9.299560923e-21   9.299560923e-21
1.288374277e-18    9.299554949e-21   9.299554949e-21
1.288374277e-18    9.299548949e-21   9.299548949e-21
1.288374277e-18    9.299542924e-21   9.299542924e-21
1.288374277e-18    9.299536874e-21   9.299536874e-21
1.288374277e-18    9.299530798e-21   9.299530798e-21
1.288374277e-18    9.299524697e-21   9.299524697e-21
1.288374277e-18    9.29951857e-21   9.29951857e-21
1.288374277e-18    9.299512418e-21   9.299512418e-21
1.288374277e-18    9.299506239e-21   9.299506239e-21
1.288374277e-18    9.299500034e-21   9.299500034e-21
1.288374277e-18    9.299493803e-21   9.299493803e-21
1.288374277e-18    9.299487546e-21   9.299487546e-21
1.288374277e-18    9.299481263e-21   9.299481263e-21
1.288374277e-18    9.299474953e-21   9.299474953e-21
1.288374277e-18    9.299468617e-21   9.299468617e-21
1.288374277e-18    9.299462253e-21   9.299462253e-21
1.288374277e-18    9.299455863e-21   9.299455863e-21
1.288374277e-18    9.299449446e-21   9.299449446e-21
1.288374277e-18    9.299443002e-21   9.299443002e-21
1.288374277e-18    9.29943653e-21   9.29943653e-21
1.288374277e-18    9.299430032e-21   9.299430032e-21
1.288374277e-18    9.299423505e-21   9.299423505e-21
1.288374277e-18    9.299416952e-21   9.299416952e-21
1.288374277e-18    9.29941037e-21   9.29941037e-21
